print(Number: 0
[14 -8 -7  4 -1 14 17 -2 -6 10],
[16  8 -7 -8  6 -5 -3 -1 -2 12],
[ 11  -1  -8   1   7   2 -10  15   0   9],

[  8 -10   3  -8  13  11  -4  -6  10   9  12  -8   5  13  13  12],
[10 -7 -7 -6  5  2  3 15 -5 13  6 11 15  6 17  0],
[15 12 -2  1 -3 -4  6 -2  2 -2 11 -5  0 -2 15  0],
[ 7 13 -8 -1 11 -3 10  3 -8 12 -4 17  7  8  2 -6],
[  1  13  17   1   1 -10   8   5  -7  10  -1  17  12   4  -1  17],
[  7   3   5   7   7   0  -8  12  -8   9 -10   3   0   0  -9   6],
[ -4 -10  -5   0  14  -7  -5   8   8  -5  -6   0  12  17  -7  -2],
[ 9 15 11  8 13 13 17  9 11 -5  3 11  7  1  1 -8],
[ 15   4  -4  -9  12   4  14   1   5  14   1  -4   2  11  -8 -10],
[ 3 -7 10 -9  2 -3 16 13  9  7  0 17  0 17 -3 -9],

print(Number: 0
[14 -8 -7  4 -1 14 17 -2 -6 10],
[16  8 -7 -8  6 -5 -3 -1 -2 12],
[ 11  -1  -8   1   7   2 -10  15   0   9],

[  8 -10   3  -8  13  11  -4  -6  10   9  12  -8   5  13  13  12],
[10 -7 -7 -6  5  2  3 15 -5 13  6 11 15  6 17  0],
[15 12 -2  1 -3 -4  6 -2  2 -2 11 -5  0 -2 15  0],
[ 7 13 -8 -1 11 -3 10  3 -8 12 -4 17  7  8  2 -6],
[  1  13  17   1   1 -10   8   5  -7  10  -1  17  12   4  -1  17],
[  7   3   5   7   7   0  -8  12  -8   9 -10   3   0   0  -9   6],
[ -4 -10  -5   0  14  -7  -5   8   8  -5  -6   0  12  17  -7  -2],
[ 9 15 11  8 13 13 17  9 11 -5  3 11  7  1  1 -8],
[ 15   4  -4  -9  12   4  14   1   5  14   1  -4   2  11  -8 -10],
[ 3 -7 10 -9  2 -3 16 13  9  7  0 17  0 17 -3 -9],

Print Number: 0
[14 -8 -7  4 -1 14 17 -2 -6 10],
[16  8 -7 -8  6 -5 -3 -1 -2 12],
[ 11  -1  -8   1   7   2 -10  15   0   9],

[  8 -10   3  -8  13  11  -4  -6  10   9  12  -8   5  13  13  12],
[10 -7 -7 -6  5  2  3 15 -5 13  6 11 15  6 17  0],
[15 12 -2  1 -3 -4  6 -2  2 -2 11 -5  0 -2 15  0],
[ 7 13 -8 -1 11 -3 10  3 -8 12 -4 17  7  8  2 -6],
[  1  13  17   1   1 -10   8   5  -7  10  -1  17  12   4  -1  17],
[  7   3   5   7   7   0  -8  12  -8   9 -10   3   0   0  -9   6],
[ -4 -10  -5   0  14  -7  -5   8   8  -5  -6   0  12  17  -7  -2],
[ 9 15 11  8 13 13 17  9 11 -5  3 11  7  1  1 -8],
[ 15   4  -4  -9  12   4  14   1   5  14   1  -4   2  11  -8 -10],
[ 3 -7 10 -9  2 -3 16 13  9  7  0 17  0 17 -3 -9],

Print Number: 0
[14 -8 -7  4 -1 14 17 -2 -6 10],
[16  8 -7 -8  6 -5 -3 -1 -2 12],
[ 11  -1  -8   1   7   2 -10  15   0   9],

[  8 -10   3  -8  13  11  -4  -6  10   9  12  -8   5  13  13  12],
[10 -7 -7 -6  5  2  3 15 -5 13  6 11 15  6 17  0],
[15 12 -2  1 -3 -4  6 -2  2 -2 11 -5  0 -2 15  0],
[ 7 13 -8 -1 11 -3 10  3 -8 12 -4 17  7  8  2 -6],
[  1  13  17   1   1 -10   8   5  -7  10  -1  17  12   4  -1  17],
[  7   3   5   7   7   0  -8  12  -8   9 -10   3   0   0  -9   6],
[ -4 -10  -5   0  14  -7  -5   8   8  -5  -6   0  12  17  -7  -2],
[ 9 15 11  8 13 13 17  9 11 -5  3 11  7  1  1 -8],
[ 15   4  -4  -9  12   4  14   1   5  14   1  -4   2  11  -8 -10],
[ 3 -7 10 -9  2 -3 16 13  9  7  0 17  0 17 -3 -9],

Print Number: 0
[ -3   4  17 -24  -7 -25  12 -14   7 -15],
[ -7  27   0  19 -26  24 -24 -26 -10  22],
[-20 -13  21   2  14   4  14   1  -3 -11],

[-24  10 -24  13   7  -9  29  19 -21 -15  -6  12  -2  12   2  22],
[  7   6   3  28 -13  25  15 -14  16 -12  -4  -2   0 -14 -27 -18],
[ -6   5  27  15  20  -7  25   8   6  19 -15 -28  23 -22  -4  13],
[  6  17  -9  27  24 -15  17 -15 -10 -22 -29  27  -9  10  -6 -20],
[ 28 -19   9 -18 -16  16  28   7 -17   8   9 -14  -2 -25 -10 -23],
[ 27  -6  18 -28  22 -29  19 -24  -3  21   3  -5 -28  10 -19 -28],
[ 27  26  -5  -8   1   1  28  -2 -20  -4   0  -8  25  12   4  13],
[-27  -7  23  -4   4 -14  12  13 -20 -28 -23 -20 -21  29  18  25],
[  3 -27  17  -4  14  24  -9  25  24 -17  28   3  13  18  11 -29],
[ 15  -7   3 -16  -6  22 -29  21   5   5 -18   6  14   9  26  23],

Print Number: 0
[ 10  -7  -9  -6  -3  26   7  18 -17 -16],
[ 28 -22  15  14 -18 -16 -26   0   1   0],
[ 11 -27  15 -15  24  -5  -6   2   4 -15],

[ 25  25  12  25 -24  29  -7   9  12   3 -28 -22  23 -26  22  -3],
[ 26  25 -25   7   0  25 -12   9 -14  -7  22 -16  10   2 -24  22],
[  2 -11   5 -13  10  13  -5 -27  14 -27  29 -28  -8 -10  -7  10],
[-28  14  -4  18 -23  -7  13  23  21  -5  28  25   3 -17   0 -20],
[  0  -3 -23   9   6 -11   2   6 -11 -17 -16 -22  -9 -16 -11 -23],
[ 26  -7  -1  -3 -27  -7  27  -2  15  18  20  -6  -1  29  25  17],
[-21  13 -25 -14   5 -18 -13  22  19 -17   8  12  10 -27 -14  17],
[-10  14   1  -6  -2 -11 -27  20  -6  13 -19   8  -7  22 -19   0],
[-19   4  26  14  -5  18   3 -14  -1  10 -28   5 -24 -21 -21 -12],
[ 20  -6 -29   8  24  11  -7 -13 -20 -26 -22  -5  15  16  14   8],

Print Number: 0
[ 27  24  11   9  12  -6  21  26   1 -17],
[ 27 -26   7 -24  19  13 -10 -10  -9 -10],
[ 21  20 -10   0 -24  10 -22  -2  26 -20],

[ 29   8  -9  14  26 -16   5  29  26  11  28   7  -1  27  23  15],
[ 29   8  21  -7  25  18   9 -17 -17  22 -23   3  12 -16 -18 -21],
[ 18 -29  12  18   0   1 -21 -24  28   0 -17 -13  24  27  -5  -3],
[ 20   3 -16   3  23  29   5  10 -25 -23  10  25 -16 -26  20 -17],
[ 18   4 -10 -20 -11 -20 -18  -8 -26  23   6 -17  24   0 -28 -22],
[ 27  12   0  -3   3  -8  15  20   7  10   2  24  -7  21 -19   4],
[ -4 -28   1 -22 -20 -17 -29 -28   0   5 -14 -16 -26  17  16  28],
[ 25  21  -8 -23  15   8  -7 -21   5  24  23 -15 -22  21  24  11],
[  1 -11 -15  11 -23  25 -11 -16   6  25 -24 -20 -14   2   9   9],
[ -9 -13  26  16   7  17  13  23 -13 -21  22  22   4  12  12 -29],

Print Number: 0
[ 29  -3  -1   4  17 -18 -22   0  -3   8],
[-21   5 -10  10 -13  -3 -28   9 -13  13],
[-21  24 -14   5  18 -21  -3  -3  -9  10],

[ -4 -26   0 -17   8 -25   0 -18  -4 -21  -2  29  16 -16  18 -26],
[  2 -28 -17  28  -7 -10 -19  14  -8  13  20 -16  -4 -20 -23  23],
[ 11 -23  25  14  22  13 -14   2 -25   6 -10  22  13  22 -20  20],
[ 16  -5 -18 -27  27   3 -10  20  -1  23 -12  17  21 -27 -20 -18],
[ 15   0  23 -15 -22 -29  11   2  -5  19  22 -10 -21  16 -25   0],
[-23  -7 -27  15 -11  27   5 -17 -23  28  28 -19 -16 -10  -7  -9],
[  5   9   7  -2  15   7 -14  -4  20   0 -16 -22  24   2  17   8],
[  8  13 -14  29 -26 -20 -11  24 -28 -20   9 -20 -14 -25  26   1],
[ -2 -22  13  10   6  -4  17  24  29  22  21  -8  -6  -4  12  20],
[-18 -24  29   9  16  -8 -26  29   4  12 -15   6  23 -21  -8  29],

Print Number: 0
[-23  11  -7 -14  -1  11 -17  13  21 -21],
[ -5 -18  20 -21  27  -3  12  17  -1 -10],
[  0 -14  -6  28  18   1  -1 -23   1  19],

[ -1 -17  24  27   1  -9  -3  10 -26 -16  21 -24 -23  23  16  -5],
[ 22  23 -11 -16  17  17 -12  22  -6 -26  -7 -28   2 -20   4   1],
[ 15  -5 -20  16  13  -9 -12   7 -15  26 -17   0  -6   1  22  -4],
[ 15   2  24  14  17 -21   4  19  20  11  15  10  -3   5 -17   0],
[ -3  -3 -27   0 -17   6  23  18   1  11 -18 -25  27 -17  -2 -15],
[ 11  16 -26  -1  -6 -26  -2 -22 -12  -3  25 -21  29 -14   9  -6],
[ 10  13   4  15  18   2  24 -24  12  23  24  24   1  -1 -21   2],
[  2  -2  -6 -26 -20   1   4 -19 -10 -10  17  -2  15   2  -8 -22],
[-25  29  15  -2 -27   3  23   9 -20 -27  26 -28  -9 -29  -4  27],
[-14  25  -6   5   6   7  22  16  -5  15 -15  19  16  -8   2 -21],

Print Number: 0
[ 23  -3  13 -10  24  27 -13  21  25  24],
[ 17  15  25 -19  -2  11  22 -20  29 -13],
[-19   4 -23  -4 -22  29   0  17  15 -21],

[ -1  24  -7 -10 -14 -12 -21 -12  28  -2  28 -16  -3  18 -29   2],
[  8   9  -5  -3 -11   1   4 -11 -17  -4  -8 -19  19  25  20 -13],
[  6 -10 -13 -28  -5  17 -23  18  28  29  -7  22  21  26   1   8],
[-13  17  12   1 -19 -15   0   6 -29  29 -29  24  -7   7 -14  27],
[ 28 -27 -28 -27   5 -10  15  -8 -19 -10   4  -2 -22   0  27  16],
[  5  12  14  15 -12 -10 -16 -26  -6  17   3  -3  -9   2   0 -24],
[ -8 -29 -21  14  -7   2  29   7 -20 -19  -1  21 -21  15 -18  11],
[ 10 -12 -24  15 -18  26  14 -17  10  26   6 -16 -16  28  21 -28],
[-27 -19 -12  25  28 -16 -15 -22 -14  28  28 -22   0   5   7   0],
[  1 -16  16 -14   9   9   9   2 -28  -1  10 -11   2  17 -29  -1],

Print Number: 0
[  2  -3 -22 -24 -25  14 -22  21 -21 -28],
[ 11 -13  21 -15 -28   5 -22  -9  15  -3],
[-11  11 -20 -15 -23 -17  -6  -3 -26   0],

[-16  -4  21 -25 -28   8   8  -6 -11 -21  29 -26  15  -2 -12 -18],
[  2  12 -12 -21 -15 -23   8   8  -8  25  23  17 -11 -10  -1  25],
[  4 -13   8 -14  -2 -17  15   7 -15   4   6   1  13  20 -24 -21],
[  1  21  26  -7  24  15   8 -19  24   9  -4 -17  -6 -24  27   4],
[ -4  -9  -3  -2  25   5  29 -24  29   0   0 -21   6  19 -19  -6],
[ -9 -28  -8 -29   0  15 -21 -23  27  19   0   0   9 -12  -6  15],
[-22  18   6  13   4  17  22 -19  13  25 -13  -7  -5  11  12  17],
[-21 -16   0  15   9 -15 -19  -3  -9 -23 -27 -28  26 -25  25  -2],
[-14   1 -29  -2   8 -11  -9   6   4 -10 -20 -18 -22 -21  -6  14],
[ 25  -7  25   4  -1 -17  22   9  18  -2 -12  16  20   9   5 -14],

Print Number: 0
[ -9  24   1 -22  16   7   6  29  -2  25],
[-11   2  -2  27   4   5 -22   5 -11  26],
[-18  10 -18  15   5 -25 -12  23 -23 -12],

[  0  -2 -10   0  29 -25  11   4  -4  29   4 -23 -21   0 -24  -9],
[-24 -25   9   4  13  -1  -2  -2   0   8  26  17 -22  23  16  -9],
[  5  12 -13   4 -12 -18  12  20 -25  -2  -1  27 -15  20   0  21],
[-12 -29  19   4  21 -28 -19   7   3  24  -5  14  29  10  23  24],
[  0 -26   9   7  25   2  19 -12   5  17  25 -22 -28 -10  20  17],
[ 15  16  -1  24  26   7 -18   9  -4  20 -26   2 -20 -18  10  17],
[ 22  -8  28 -27  13  11   7 -26 -25 -28  15 -29  -5 -18  26  -7],
[-15  -4  11 -20 -16  29   8   0   6 -28 -18  18  -4  -9 -27 -13],
[  1 -11  15  18   8   6  25 -11   2  28 -24   0  26  -5  21 -15],
[-12   6  18  19 -17  26 -25   5   1 -19  21   7 -17  20 -24  15],

